1.592322000000000060e+02 7.401942999999999984e+01
1.574568299999999965e+02 2.151630000000000109e+01
1.304617200000000139e+02 1.443609600000000057e+02
2.231921399999999949e+02 4.380248000000000275e+01
2.043119700000000023e+02 2.352654000000000067e+01
1.326804600000000107e+02 1.755222100000000012e+02
2.503965599999999938e+02 1.549257900000000063e+02
2.465936100000000124e+02 3.091763999999999868e+01
2.417199400000000082e+02 1.987207000000000079e+01
1.862304599999999937e+02 1.108760800000000017e+02
2.635730300000000170e+02 1.394669000000000025e+01
2.572662199999999757e+02 1.287728899999999896e+02
2.885271999999999935e+02 1.100065299999999979e+02
1.543687999999999931e+02 7.400096999999999525e+01
1.923353199999999958e+02 1.718235099999999989e+02
2.583687499999999773e+02 1.229082700000000017e+02
1.529703700000000026e+02 1.866186600000000055e+02
2.340417099999999948e+02 6.807421999999999684e+01
2.581181500000000142e+02 1.704547100000000057e+02
1.760163699999999949e+02 1.612191500000000133e+02
1.455453599999999881e+02 1.584452300000000093e+02
2.073644199999999955e+02 1.433119299999999896e+02
2.698550900000000183e+02 1.818666299999999865e+02
2.453741400000000112e+02 1.058488899999999973e+02
2.288143599999999935e+02 1.640406800000000089e+02
2.126853600000000029e+02 4.008496999999999844e+01
1.715345499999999959e+02 1.006799400000000020e+02
2.408918999999999926e+02 1.014711499999999944e+02
1.555419799999999952e+02 1.593202900000000000e+02
2.337423699999999940e+02 1.778215600000000052e+02
1.429877700000000118e+02 2.290913000000000110e+01
2.921347000000000094e+02 1.114128699999999981e+02
2.435169500000000085e+02 9.603701999999999828e+01
2.041489100000000008e+02 9.392033000000000698e+01
3.586136099999999942e+02 3.593026699999999778e+02
3.560935099999999807e+02 2.119600700000000018e+02
3.384690600000000131e+02 2.393757099999999980e+02
2.104455900000000099e+02 3.486720700000000193e+02
1.511931500000000028e+02 2.888121499999999742e+02
3.344418699999999944e+02 2.216572099999999921e+02
3.549668300000000158e+02 1.210875400000000042e+02
3.328589000000000055e+02 1.894827400000000068e+02
1.974206299999999885e+02 4.898362000000000194e+01
1.895761699999999905e+02 6.135764000000000351e+01
3.124172699999999736e+02 2.447156000000000020e+01
3.416612600000000270e+02 3.533039600000000178e+02
6.194908999999999821e+01 1.448493699999999933e+02
2.438988899999999944e+02 2.884925200000000132e+02
1.700478899999999953e+02 2.150104699999999980e+02
1.320176199999999938e+02 2.271141399999999919e+02
3.190173000000000059e+01 1.128868400000000065e+02
5.263329999999999842e+00 7.027400000000000091e+00
2.842212099999999850e+02 7.475660999999999490e+01
2.684031299999999760e+02 1.013888500000000050e+02
1.723222000000000094e+02 6.488900000000000112e+00
3.466661399999999844e+02 2.627092599999999720e+02
2.235880600000000129e+02 1.734821799999999996e+02
1.540612600000000043e+02 1.998209200000000010e+02
5.817211000000000354e+01 3.369341999999999757e+02
9.404716999999999416e+01 2.879286000000000172e+02
3.207289999999999708e+01 9.303651000000000693e+01
2.670304600000000050e+02 1.664486799999999960e+02
1.206246500000000026e+02 2.860105300000000170e+02
3.013423500000000104e+02 1.376237099999999884e+02
2.008597100000000069e+02 2.036486500000000035e+02
2.254740999999999929e+01 3.565880799999999908e+02
2.196498699999999928e+02 3.509987600000000043e+02
5.741385999999999967e+01 3.307097600000000170e+02
1.060896199999999965e+02 3.023851300000000037e+02
3.575549700000000257e+02 6.688940999999999804e+01
1.947951999999999941e+02 2.879909999999999854e+02
2.930900800000000004e+02 7.278498000000000445e+01
1.930117400000000032e+02 3.074608600000000251e+02
7.621347000000000094e+01 2.044648500000000126e+02
2.002944099999999992e+02 8.726372000000000639e+01
1.882795099999999877e+02 1.729768400000000099e+02
1.215414200000000022e+02 3.126537099999999896e+02
1.375502600000000086e+02 2.374824600000000032e+02
1.786507799999999975e+02 1.021843499999999949e+02
5.016860000000000319e+00 8.368130000000000734e+00
6.893976000000000681e+01 1.556120899999999949e+02
3.469447200000000180e+02 6.926018999999999437e+01
1.786274099999999976e+02 1.133127999999999957e+02
2.866740000000000066e+00 1.199048599999999993e+02
3.016487799999999879e+02 2.714355899999999906e+02
2.095264599999999859e+02 3.917611000000000132e+01
3.403446999999999889e+01 1.433183000000000007e+01
1.607642199999999946e+02 2.151805999999999983e+02
3.150015000000000214e+02 1.310678100000000086e+02
1.984262899999999945e+02 2.639082000000000221e+02
3.014531099999999810e+02 9.778819000000000017e+01
2.644775700000000143e+02 2.919581200000000081e+02
6.499640999999999735e+01 8.127819999999999823e+01
2.480325699999999927e+02 1.848665499999999895e+02
1.839667399999999873e+02 1.211460399999999993e+02
2.039305699999999888e+02 3.472085599999999772e+02
2.402504999999999882e+02 3.396913499999999999e+02
2.429765400000000000e+02 1.145184600000000046e+02
2.080759299999999996e+02 3.319386600000000271e+02
3.253665799999999990e+02 1.317546000000000106e+02
2.377074200000000133e+02 2.813313699999999926e+02
2.056733600000000024e+02 2.577253400000000170e+02
3.497131099999999719e+02 1.449771900000000073e+02
1.451242799999999988e+02 2.876337300000000141e+02
2.116460000000000008e+01 3.411186599999999771e+02
2.820135200000000282e+02 2.153647599999999898e+02
3.378571000000000026e+02 9.026425999999999306e+01
2.404681199999999990e+02 2.732246499999999969e+02
1.176179699999999997e+02 3.306183199999999829e+02
2.041058099999999911e+02 2.509872400000000141e+02
2.723891399999999976e+02 3.117728599999999801e+02
1.183898400000000066e+02 1.930913700000000119e+02
1.861542900000000031e+02 3.324926699999999755e+02
3.183752799999999752e+02 2.928503799999999728e+02
9.493684000000000367e+01 3.123748699999999872e+02
3.552299000000000007e+01 2.819437699999999722e+02
2.786060899999999947e+02 3.245171100000000024e+02
2.183841700000000117e+02 1.648322699999999941e+02
1.982912800000000004e+02 1.261715200000000010e+02
3.359393400000000156e+02 6.830697000000000685e+01
2.190055900000000122e+02 2.438992900000000077e+02
1.138945400000000063e+02 2.790492199999999912e+02
3.683288999999999902e+01 3.129886399999999753e+02
2.531191399999999874e+02 4.123904000000000281e+01
1.254881100000000060e+02 1.262093799999999959e+02
1.923331000000000017e+02 3.474875799999999799e+02
3.579304599999999823e+02 2.796346700000000283e+02
1.618100000000000094e+01 3.151702399999999784e+02
8.022039999999999793e+01 9.774096000000000117e+01
5.620729000000000042e+01 1.533545100000000048e+02
4.408303999999999689e+01 1.501206999999999958e+01
6.792708000000000368e+01 2.839332499999999868e+02
1.539100899999999967e+02 1.582771999999999935e+02
3.407870399999999904e+02 1.906627499999999884e+02
7.871854000000000440e+01 7.585866000000000042e+01
1.590381999999999891e+02 1.795728599999999915e+02
3.284121499999999969e+02 2.103396899999999903e+02
3.463866300000000251e+02 1.383708599999999933e+02
9.322319999999999496e+00 2.876209499999999935e+02
4.616071000000000168e+01 3.596325499999999806e+02
2.356211999999999875e+02 1.238811800000000005e+02
1.745553199999999947e+02 2.255653700000000015e+02
9.821515999999999735e+01 2.799434099999999717e+02
1.287241699999999867e+02 8.763298000000000343e+01
2.190071499999999958e+02 1.983204399999999907e+02
2.107943699999999865e+02 9.491477999999999327e+01
