1 8 9
2 9 10
3 10 11
4 11 12
5 12 13
6 13 14
8 15 16
9 16 17
10 17 18
11 18 19
12 19 20
13 20 21
15 22 23
16 23 24
17 24 25
18 25 26
19 26 27
20 27 28
22 29 30
23 30 31
24 31 32
25 32 33
26 33 34
27 34 35
29 36 37
30 37 38
31 38 39
32 39 40
33 40 41
34 41 42
36 43 44
37 44 45
38 45 46
39 46 47
40 47 48
41 48 49
1 9 2
2 10 3
3 11 4
4 12 5
5 13 6
6 14 7
8 16 9
9 17 10
10 18 11
11 19 12
12 20 13
13 21 14
15 23 16
16 24 17
17 25 18
18 26 19
19 27 20
20 28 21
22 30 23
23 31 24
24 32 25
25 33 26
26 34 27
27 35 28
29 37 30
30 38 31
31 39 32
32 40 33
33 41 34
34 42 35
36 44 37
37 45 38
38 46 39
39 47 40
40 48 41
41 49 42
