-0 0 -1
-0.5 0 -0.866025403784439
-0.866025403784439 0 -0.5
-1 0 0
-0.866025403784439 0 0.5
-0.5 0 0.866025403784439
-0 0 1
-0 -0 -1
-0.25 -0.433012701892219 -0.866025403784439
-0.433012701892219 -0.75 -0.5
-0.5 -0.866025403784439 0
-0.433012701892219 -0.75 0.5
-0.25 -0.433012701892219 0.866025403784439
-0 -0 1
0 -0 -1
0.25 -0.433012701892219 -0.866025403784439
0.433012701892219 -0.75 -0.5
0.5 -0.866025403784439 0
0.433012701892219 -0.75 0.5
0.25 -0.433012701892219 0.866025403784439
0 -0 1
0 0 -1
0.5 0 -0.866025403784439
0.866025403784439 0 -0.5
1 0 0
0.866025403784439 0 0.5
0.5 0 0.866025403784439
0 0 1
0 0 -1
0.25 0.433012701892219 -0.866025403784439
0.433012701892219 0.75 -0.5
0.5 0.866025403784439 0
0.433012701892219 0.75 0.5
0.25 0.433012701892219 0.866025403784439
0 0 1
-0 0 -1
-0.25 0.433012701892219 -0.866025403784439
-0.433012701892219 0.75 -0.5
-0.5 0.866025403784439 0
-0.433012701892219 0.75 0.5
-0.25 0.433012701892219 0.866025403784439
-0 0 1
-0 0 -1
-0.5 0 -0.866025403784439
-0.866025403784439 0 -0.5
-1 0 0
-0.866025403784439 0 0.5
-0.5 0 0.866025403784439
-0 0 1
