8.212687999999999988e+01 1.454848100000000102e+02
1.132451899999999938e+02 1.560828700000000140e+02
1.447526400000000137e+02 1.773322000000000003e+02
1.039136799999999994e+02 1.347907899999999870e+02
1.080973299999999995e+02 1.343695999999999913e+02
1.492407599999999945e+02 1.555548300000000097e+02
4.697567000000000093e+01 1.546174100000000067e+02
9.592275999999999669e+01 1.315930799999999863e+02
1.748239100000000121e+02 2.409915000000000163e+01
1.169014099999999985e+02 4.947086000000000183e+01
7.825388999999999839e+01 8.425798000000000343e+01
1.251581500000000062e+02 1.772096799999999917e+02
8.207089000000000567e+01 1.741360699999999895e+02
7.005697999999999581e+01 1.677674299999999903e+02
6.990972999999999615e+01 1.486565200000000004e+02
3.752300000000000324e+01 2.011030999999999835e+01
3.444789999999999708e+01 1.493490500000000054e+02
1.303839399999999955e+02 1.572320200000000057e+02
1.434773600000000044e+02 1.757676000000000016e+01
6.980203000000000202e+01 6.998627999999999361e+01
1.470659300000000087e+02 1.207032099999999986e+02
1.691242300000000114e+02 9.633303999999999689e+01
8.957569999999999766e+01 3.807965999999999696e+01
9.195395000000000607e+01 5.355010999999999655e+01
1.183780799999999971e+02 1.599600800000000049e+02
1.425259999999999971e+00 1.444456399999999974e+02
8.336632000000000176e+01 1.008094200000000029e+02
1.160878299999999967e+02 7.613491999999999393e+01
8.088595999999999719e+01 7.351216999999999757e+01
6.012541999999999831e+01 3.537639000000000067e+01
1.353308199999999886e+02 8.660056000000000154e+01
6.299933999999999656e+01 1.188120499999999993e+02
1.447526400000000137e+02 1.773322000000000003e+02
1.633344999999999914e+02 1.436710199999999986e+02
3.415966999999999842e+01 1.192126300000000043e+02
1.735955999999999904e+02 1.347412699999999859e+02
1.258533800000000014e+02 9.205679999999999552e+01
1.044828600000000023e+02 4.987895000000000323e+01
9.857022999999999513e+01 9.332316000000000145e+01
1.315930299999999988e+02 1.141645699999999977e+02
3.028904999999999959e+01 5.834699999999999775e+00
6.979001999999999839e+01 6.607662999999999442e+01
1.184817299999999989e+02 4.393862000000000023e+01
7.777040000000000397e+00 4.199900999999999840e+01
6.871321000000000367e+01 7.903716000000000008e+01
3.444762999999999664e+01 1.332936100000000010e+02
1.634345899999999858e+02 3.149644999999999939e+01
1.706147100000000023e+02 3.250632000000000232e+01
1.604094499999999925e+02 2.369425000000000026e+01
1.601488799999999912e+02 7.711839000000000510e+01
7.459815000000000396e+01 8.742328000000000543e+01
7.923700000000000188e-01 1.911615000000000109e+01
6.171159999999999712e+01 1.430325599999999895e+02
2.697727000000000075e+01 1.160102600000000024e+02
1.656020399999999881e+02 1.786581799999999873e+02
3.712798000000000087e+01 5.741805000000000092e+01
1.093009399999999971e+02 1.213650700000000029e+02
1.158496499999999969e+02 7.192499999999999449e-01
8.794607999999999493e+01 3.186216999999999899e+01
1.593948800000000006e+02 1.297551599999999894e+02
1.378768699999999967e+02 8.132867000000000246e+01
9.480519999999999925e+01 1.703249600000000044e+02
6.563737999999999317e+01 1.463332800000000020e+02
5.767360000000000042e+00 1.225015999999999927e+01
5.052022999999999797e+01 1.249339800000000054e+02
7.195540000000000269e+00 1.346121799999999951e+02
1.540929500000000019e+02 1.756853499999999997e+02
1.998921999999999954e+01 9.837450000000000472e+00
4.405895999999999901e+01 1.456051799999999901e+02
9.855787999999999727e+01 7.055460999999999672e+01
1.465570700000000102e+02 1.108186400000000020e+02
1.396565999999999974e+01 1.135808499999999981e+02
1.056054599999999937e+02 7.741567999999999472e+01
1.647795700000000068e+02 3.073076000000000008e+01
9.370979999999999421e+00 4.602327999999999975e+01
1.130129400000000004e+02 1.318016800000000046e+02
1.868909999999999982e+01 1.210518500000000017e+02
1.670863899999999944e+02 9.244091000000000236e+01
1.467024999999999864e+02 1.300136300000000062e+02
4.887570999999999799e+01 4.445244000000000284e+01
1.605107600000000048e+02 6.639194999999999425e+01
1.634531599999999969e+02 2.037325999999999837e+01
2.359506999999999977e+01 1.649161000000000001e+02
1.064537200000000041e+02 1.535120000000000040e+01
1.784682999999999993e+02 1.556545600000000036e+02
2.086296000000000106e+01 1.607948900000000094e+02
1.229700600000000037e+02 1.652877300000000105e+02
1.641913999999999874e+01 1.174663400000000024e+02
6.846125999999999578e+01 1.245430000000000037e+00
7.056987999999999772e+01 8.280269999999999797e+00
2.531306999999999974e+01 1.052818000000000076e+01
3.204946999999999946e+01 1.072901200000000017e+02
8.321823999999999444e+01 1.214840399999999931e+02
1.900762999999999892e+01 1.356876000000000033e+02
2.625735999999999848e+01 1.973715999999999937e+01
2.665045999999999893e+01 8.717144000000000403e+01
6.843837999999999511e+01 4.369966999999999757e+01
1.252706000000000017e+02 1.066622899999999987e+02
1.691895199999999875e+02 6.156756000000000029e+01
7.332300999999999647e+01 1.026896700000000067e+02
1.601941500000000076e+02 6.148678000000000310e+01
1.743104700000000093e+02 1.050238599999999991e+02
1.251187000000000040e+02 6.520968999999999482e+01
1.496306099999999901e+02 1.629054399999999987e+02
3.913864999999999839e+01 6.455920999999999310e+01
6.594782999999999618e+01 8.944629000000000474e+01
7.218300999999999590e+01 1.168912600000000026e+02
1.084710400000000021e+02 6.160041999999999973e+01
2.940709999999999980e+01 5.749128999999999934e+01
9.572553000000000623e+01 4.052685000000000315e+01
1.696738300000000095e+02 7.570037999999999556e+01
1.792291899999999885e+02 1.705026499999999885e+02
1.384354500000000030e+02 4.816897999999999769e+01
1.043051600000000008e+02 9.114457000000000164e+01
1.004153900000000021e+02 1.011354699999999980e+02
1.162677000000000049e+01 1.032980100000000050e+02
1.090341200000000015e+02 1.107373599999999954e+02
1.056340900000000005e+02 1.408380600000000129e+02
1.763206999999999880e+01 1.802629999999999910e+01
1.344863200000000063e+02 8.832934000000000196e+01
6.928300000000000125e+00 1.465937700000000063e+02
2.924499000000000137e+01 3.496327999999999747e+01
1.422629599999999925e+02 1.224372900000000044e+02
1.752202000000000126e+01 5.053276999999999930e+01
6.397905000000000086e+01 9.118877999999999417e+01
5.352756999999999721e+01 5.659338999999999942e+01
4.873908000000000129e+01 1.333386000000000138e+02
2.439229999999999876e+01 1.777667199999999923e+02
4.537436000000000291e+01 1.440794899999999927e+02
5.928349000000000046e+01 5.257710000000000328e+00
6.045315999999999690e+01 1.312133100000000070e+02
7.870597999999999672e+01 4.911464999999999748e+01
7.102376999999999896e+01 1.580880099999999970e+02
1.736803700000000106e+02 1.091478000000000037e+02
1.210451500000000067e+02 1.367279000000000053e+02
1.636150299999999902e+02 9.056484000000000378e+01
2.337630000000000052e+01 1.227083899999999943e+02
4.532099999999999795e+01 1.249263399999999962e+02
1.605278700000000072e+02 1.288491500000000087e+02
2.324303000000000097e+01 5.852752000000000265e+01
1.517153299999999945e+02 1.656181899999999985e+02
1.417520100000000127e+02 1.752546100000000138e+02
1.631279999999999930e+01 1.253665000000000020e+02
1.576553199999999890e+02 2.241722000000000037e+01
5.507507999999999981e+01 3.423633000000000237e+01
7.189981000000000222e+01 3.818599999999999994e+00
1.989659999999999940e+01 9.001819000000000415e+01
1.762781699999999887e+02 8.906479000000000212e+01
4.169827999999999690e+01 5.596119999999999806e+01
1.554275700000000029e+02 1.200079199999999986e+02
7.338375999999999522e+01 1.573557500000000005e+02
1.516522500000000093e+02 5.638212999999999653e+01
1.112722100000000012e+02 9.446927999999999770e+01
1.757644200000000012e+02 5.548669999999999902e+01
4.937552000000000163e+01 1.127740999999999971e+01
4.047349999999999781e+00 8.694970999999999606e+01
8.614319000000000415e+01 2.645148000000000010e+01
6.697195999999999572e+01 8.738805000000000689e+01
7.051022000000000389e+01 1.741834000000000060e+02
1.210337499999999977e+02 9.722619000000000256e+01
1.589173000000000080e+01 4.429095000000000226e+01
1.474309700000000021e+02 8.248966000000000065e+01
